0.0
0.00050171863855
0.00100344644821
0.00150517559738
0.00200690340704
0.00250863207121
0.0030103683857
0.00351212348488
0.00401391258636
0.00451575474369
0.00501767260668
0.00551969218956
0.00602184264664
0.00652415605551
0.00702666720768
0.00752941340645
0.00803243427213
0.00853577155425
0.00903946895094
0.00954357193515
0.0100481275878
0.0105531844375
0.0110587923075
0.011565002168
0.0120718659967
0.0125794366439
0.0130877677052
0.0135969133999
0.0141069284553
0.0146178679974
0.0151297874475
0.0156427424242
0.0161567886514
0.0166719818721
0.0171883777675
0.0177060318816
0.0182249995512
0.0187453358408
0.0192670954835
0.019790332826
0.0203151017795
0.0208414557743
0.0213694477207
0.021899129973
0.0224305542996
0.0229637718564
0.0234988331653
0.024035788097
0.0245746858573
0.0251155749788
0.0256585033154
0.0262035180416
0.0267506656551
0.0272999919834
0.0278515421942
0.0284053608093
0.0289614917214
0.0295199782154
0.030080862992
0.0306441881948
0.0312099954409
0.031778325854
0.0323492201004
0.0329227184285
0.0334988607099
0.0340776864844
0.0346592350065
0.0352435452949
0.0358306561842
0.036420606379
0.0370134345098
0.0376091791913
0.0382078790828
0.0388095729501
0.0394142997292
0.0400220985921
0.0406330090141
0.041247070842
0.0418643243648
0.0424848103844
0.0431085702892
0.0437356461267
0.0443660806795
0.0449999175402
0.0456372011885
0.0462779770684
0.0469222916663
0.0475701925897
0.0482217286462
0.0488769499229
0.0495359078664
0.0501986553629
0.0508652468179
0.0515357382364
0.0522101873033
0.0528886534627
0.053571197998
0.0542578841105
0.0549487769988
0.0556439439366
0.0563434543503
0.0570473798961
0.0577557945356
0.058468774611
0.0591863989194
0.0599087487853
0.0606359081327
0.0613679635553
0.0621050043856
0.0628471227627
0.0635944136976
0.0643469751384
0.0651049080318
0.0658683163849
0.0666373073227
0.0674119911459
0.0681924813846
0.0689788948509
0.0697713516887
0.0705699754216
0.0713748929974
0.0721862348308
0.073004134843
0.0738287304986
0.0746601628396
0.0754985765165
0.0763441198162
0.0771969446864
0.0780572067577
0.0789250653614
0.079800683544
0.0806842280789
0.0815758694733
0.0824757819722
0.0833841435583
0.0843011359482
0.085226944584
0.0861617586214
0.0871057709135
0.0880591779898
0.0890221800317
0.0899949808424
0.0909777878135
0.0919708118854
0.0929742675047
0.0939883725752
0.0950133484048
0.0960494196471
0.0970968142379
0.0981557633263
0.0992265012009
0.10030926521
0.101404295677
0.10251183581
0.103632131603
0.104765431738
0.105911987473
0.107072052532
0.108245882982
0.109433737104
0.11063587527
0.111852559793
0.11308405479
0.114330626024
0.115592540752
0.116870067554
0.118163476163
0.119473037287
0.120799022421
0.122141703658
0.123501353482
0.124878244566
0.126272649557
0.127684840849
0.129115090356
0.130563669276
0.132030847842
0.13351689507
0.135022078499
0.13654666392
0.138090915099
0.139655093493
0.141239457952
0.142844264421
0.144469765626
0.146116210757
0.147783845136
0.149472909884
0.151183641573
0.152916271871
0.15467102718
0.156448128258
0.158247789843
0.160070220256
0.161915621004
0.163784186365
0.165676102972
0.167591549377
0.169530695619
0.171493702766
0.173480722462
0.175491896451
0.177527356102
0.179587221916
0.181671603024
0.183780596677
0.185914287727
0.188072748088
0.190256036198
0.192464196464
0.194697258694
0.196955237523
0.199238131826
0.20154592412
0.20387857995
0.206236047274
0.208618255824
0.211025116467
0.213456520544
0.215912339207
0.218392422736
0.220896599847
0.223424676989
0.225976437631
0.228551641528
0.231150023984
0.233771295101
0.236415139007
0.239081213084
0.241769147173
0.244478542774
0.247208972226
0.249959977878
0.252731071248
0.255521732164
0.258331407898
0.261159512281
0.264005424809
0.266868489731
0.269748015125
0.272643271967
0.27555349317
0.278477872629
0.281415564236
0.284365680888
0.287327293481
0.290299429888
0.293281073922
0.296271164286
0.299268593508
0.302272206862
0.30528080127
0.308293124197
0.311307872524
0.314323691409
0.31733917313
0.320357379485
0.32337558584
0.326393792195
0.32941199855
0.332430204905
0.33544841126
0.338466617615
0.34148482397
0.344503030325
0.34752123668
0.350539443035
0.35355764939
0.356575855745
0.3595940621
0.362612268455
0.36563047481
0.368648681165
0.37166688752
0.374685093875
0.37770330023
0.380721506585
0.383739712939
0.386757919294
0.389776125649
0.392794332004
0.395812538359
0.398830744714
0.401848951069
0.404867157424
0.407885363779
0.410903570134
0.413921776489
0.416939982844
0.419958189199
0.422976395554
0.425994601909
0.429012808264
0.432031014619
0.435049220974
0.438067427329
0.441085633684
0.444103840039
0.447122046394
0.450140252749
0.453158459104
0.456176665458
0.459194871813
0.462213078168
0.465231284523
0.468249490878
0.471267697233
0.474285903588
0.477304109943
0.480322316298
0.483340522653
0.486358729008
0.489376935363
0.492395141718
0.495413348073
0.498431554428
0.501449760783
0.504467967138
0.507486173493
0.510504379848
0.513522586203
0.516540792558
0.519558998913
0.522577205268
0.525595411623
0.528613617978
0.531631824332
0.534650030687
0.537668237042
0.540686443397
0.543704649752
0.546722856107
0.549741062462
0.552759268817
0.555777475172
0.558795681527
0.561813887882
0.564832094237
0.567850300592
0.570868506947
0.573886713302
0.576904919657
0.579923126012
0.582941332367
0.585959538722
0.588977745077
0.591995951432
0.595014157787
0.598032364142
0.601050570497
0.604068776852
0.607086983206
0.610105189561
0.613123395916
0.616141602271
0.619159808626
0.622178014981
0.625196221336
0.628214427691
0.631232634046
0.634250840401
0.637269046756
0.640287253111
0.643305459466
0.646323665821
0.649341872176
0.652360078531
0.655378284886
0.658396491241
0.661414697596
0.664432903951
0.667451110306
0.670469316661
0.673487523016
0.676505729371
0.679523935726
0.68254214208
0.685560348435
0.68857855479
0.691596761145
0.6946149675
0.697633173855
0.70065138021
0.703669586565
0.70668779292
0.709705999275
0.71272420563
0.715742411985
0.71876061834
0.721778824695
0.72479703105
0.727815237405
0.73083344376
0.733851650115
0.73686985647
0.739888062825
0.74290626918
0.745924475535
0.74894268189
0.751960888245
0.754979094599
0.757997300954
0.761015507309
0.764033713664
0.767051920019
0.770070126374
0.773088332729
0.776106539084
0.779124745439
0.782142951794
0.785161158149
0.788179364504
0.791197570859
0.794215777214
0.797233983569
0.800252189924
0.803270396279
0.806288602634
0.809306808989
0.812325015344
0.815343221699
0.818361428054
0.821379634409
0.824397840764
0.827416047119
0.830434253473
0.833452459828
0.836470666183
0.839488872538
0.842507078893
0.845525285248
0.848543491603
0.851561697958
0.854579904313
0.857598110668
0.860616317023
0.863634523378
0.866652729733
0.869670936088
0.872689142443
0.875707348798
0.878725555153
0.881743761508
0.884761967863
0.887780174218
0.890798380573
0.893816586928
0.896834793283
0.899852999638
0.902871205993
0.905889412347
0.908907618702
0.911925825057
0.914944031412
0.917962237767
0.920980444122
0.923998650477
0.927016856832
0.930035063187
0.933053269542
0.936071475897
0.939089682252
0.942107888607
0.945126094962
0.948144301317
0.951162507672
0.954180714027
0.957198920382
0.960217126737
0.963235333092
0.966253539447
0.969271745802
0.972289952157
0.975308158512
0.978326364866
0.981344571221
0.984362777576
0.987380983931
0.990399190286
0.993417396641
0.996435602996
0.999453809351
1.00247201571
1.00549022206
1.00850842842
1.01152663477
1.01454484113
1.01756304748
1.02058125384
1.02359946019
1.02661766655
1.0296358729
1.03265407926
1.03567228561
1.03869049197
1.04170869832
1.04472690468
1.04774511103
1.05076331739
1.05378152374
1.0567997301
1.05981793645
1.06283614281
1.06585434916
1.06887255552
1.07189076187
1.07490896823
1.07792717458
1.08094538094
1.08396358729
1.08698179365
1.09
